6.515000000000000568e+01
1.000000000000000000e+00
2.800000000000000000e+01
1.606185635253293498e+00
1.780694893754942427e+02
3.314921652757509715e-07
4.044857999551388079e-08
6.828486005565906680e+00
5.604815853438685144e-03
4.803000000000000114e+01
1.000000000000000000e+00
2.900000000000000000e+01
2.050092555094937818e+00
2.228073929747299076e+02
5.075976498320118378e-07
5.417341712195996812e-08
9.633355485233554560e+00
4.394533307349873796e-03
6.209000000000000341e+01
2.000000000000000000e+00
2.700000000000000000e+01
2.325379889782071885e+00
2.650515380192262569e+02
6.158833666383017027e-07
5.289853139525816621e-08
1.140133319880510498e+01
3.759315574305386286e-03
7.153000000000000114e+01
2.000000000000000000e+00
2.900000000000000000e+01
1.872021684090838800e+00
1.666736641568160167e+02
6.314984362868469147e-07
5.395341329445658743e-08
1.186080041240717975e+01
5.820115164511901334e-03
6.839000000000000057e+01
1.000000000000000000e+00
3.000000000000000000e+01
2.727122184567642993e+00
1.599473310406097539e+02
4.468638581674421144e-06
6.572623316456426939e-07
9.150593569736020783e+00
6.235254491427826354e-03
7.034999999999999432e+01
1.000000000000000000e+00
3.000000000000000000e+01
1.673942522185123627e+00
1.710489695820255065e+02
4.378132594328964015e-07
4.190332254189563921e-08
9.009390871450111860e+00
5.771906558750032612e-03
6.526000000000000512e+01
2.000000000000000000e+00
3.000000000000000000e+01
1.907139236087396661e+00
1.635631745333151912e+02
9.180390753061639895e-07
1.241614235091120068e-07
9.751793451859125383e+00
6.127646062755489655e-03
7.101999999999999602e+01
2.000000000000000000e+00
2.900000000000000000e+01
1.475265704280947610e+00
1.421779779489536395e+02
4.290654929615236071e-07
5.099203204113905473e-08
7.767360165267412242e+00
6.852279457972998249e-03
6.481000000000000227e+01
1.000000000000000000e+00
2.700000000000000000e+01
1.589802147542278554e+00
1.776657402276820505e+02
3.253964851941489479e-07
3.939486704769309371e-08
7.283248174584349144e+00
5.513194324918250198e-03
7.937999999999999545e+01
1.000000000000000000e+00
2.900000000000000000e+01
1.478926342846063058e+00
1.416969211315687858e+02
4.117605871050005213e-07
4.604132458109660959e-08
8.374376796737093898e+00
6.963687029291114328e-03
6.625000000000000000e+01
1.000000000000000000e+00
3.000000000000000000e+01
2.200162587269979930e+00
1.725084477945552237e+02
1.371521714128676493e-06
1.975922577765776394e-07
8.754938723322954530e+00
5.650327471758908107e-03
5.878999999999999915e+01
1.000000000000000000e+00
3.000000000000000000e+01
1.955655867039909790e+00
2.086749859173029336e+02
5.221138382786938050e-07
4.793877256924409502e-08
1.134253916453675615e+01
4.671195913019472040e-03
8.031000000000000227e+01
2.000000000000000000e+00
3.000000000000000000e+01
2.136327638655326489e+00
1.820950515727214452e+02
1.013365704310183050e-06
9.310229794954026658e-08
1.001951624520314965e+01
5.379875590106768246e-03
6.987999999999999545e+01
1.000000000000000000e+00
3.000000000000000000e+01
2.088571710428843708e+00
1.369839915206646594e+02
2.120690343559023209e-06
3.226286321797658935e-07
9.018146286028930092e+00
7.067505533557160227e-03
8.053000000000000114e+01
1.000000000000000000e+00
2.700000000000000000e+01
9.712634892448015478e-01
1.534759840172406768e+02
8.652066972020990824e-08
6.789112283468330426e-09
6.924187056422681508e+00
6.833488743381522547e-03
7.017000000000000171e+01
2.000000000000000000e+00
2.900000000000000000e+01
2.387370771173200623e+00
2.629558858384256155e+02
8.207435330523340172e-07
1.117394319055198119e-07
7.219209164953797497e+00
3.750805404275239438e-03
7.395999999999999375e+01
1.000000000000000000e+00
2.900000000000000000e+01
1.819977333229918726e+00
1.725782172195810631e+02
5.762465534653005872e-07
6.714399241636118234e-08
8.322895856645065038e+00
5.720063289270371602e-03
6.285000000000000142e+01
1.000000000000000000e+00
2.900000000000000000e+01
1.553272547905421463e+00
1.793960111867779688e+02
3.652546243641220567e-07
4.152841214354027980e-08
7.340621194882793965e+00
5.540479609312821616e-03
5.272999999999999687e+01
2.000000000000000000e+00
3.000000000000000000e+01
1.336289968165810471e+00
1.607512613059492423e+02
2.331629364908642362e-07
2.364643149647775479e-08
7.791622848461517314e+00
6.120237926437630330e-03
5.957000000000000028e+01
1.000000000000000000e+00
3.000000000000000000e+01
2.170213701284436247e+00
1.588671253936596202e+02
1.704824525767573943e-06
2.524156302532462908e-07
7.058091263444239871e+00
6.436674225567865469e-03
6.609000000000000341e+01
2.000000000000000000e+00
3.000000000000000000e+01
1.523108259262584863e+00
1.861868163792094037e+02
3.137015263106623433e-07
3.213477304007367136e-08
7.652458094375546693e+00
5.304994136011258188e-03
6.956000000000000227e+01
1.000000000000000000e+00
3.000000000000000000e+01
2.546545396874298373e+00
1.535756391486231962e+02
3.816030942164462651e-06
5.429614671317031550e-07
7.084622800450461000e+00
6.540943319691724933e-03
5.314999999999999858e+01
2.000000000000000000e+00
3.000000000000000000e+01
2.638730112592630128e+00
1.605391990511020595e+02
2.924124607686513948e-06
3.866155205951250361e-07
1.173574623722434396e+01
6.016964222904827922e-03
6.856000000000000227e+01
1.000000000000000000e+00
3.000000000000000000e+01
1.934267824496802124e+00
1.855099010721342552e+02
6.182326413889979711e-07
6.186358725253784527e-08
8.074694960813666000e+00
5.302844926780481485e-03
7.335999999999999943e+01
2.000000000000000000e+00
3.000000000000000000e+01
1.859700710550803882e+00
1.346814026619915126e+02
1.413277921012058509e-06
1.687499740410972021e-07
7.223815381592894269e+00
7.227903496765181873e-03
7.375000000000000000e+01
2.000000000000000000e+00
2.600000000000000000e+01
2.843982600971708408e+00
1.556036878335364122e+02
4.862471454931013330e-06
8.555356070098520478e-07
1.110409373188001858e+01
6.199053997201815422e-03
6.957999999999999829e+01
1.000000000000000000e+00
3.000000000000000000e+01
1.743647179024640170e+00
1.589316355280612925e+02
7.748925305288011782e-07
1.050535263256038424e-07
8.678428399699825491e+00
6.160492587735495740e-03
6.548999999999999488e+01
2.000000000000000000e+00
3.000000000000000000e+01
2.783929116811385107e+00
1.373675285526053074e+02
5.609377505366052973e-06
8.362763073400145550e-07
1.094709136404726735e+01
7.261404431798280240e-03
6.518999999999999773e+01
1.000000000000000000e+00
3.000000000000000000e+01
1.916860692454776860e+00
1.819322620336026262e+02
5.808947454856119456e-07
7.356670295094173853e-08
1.123850143877178809e+01
5.641001291356684960e-03
5.342000000000000171e+01
2.000000000000000000e+00
3.000000000000000000e+01
2.262386492958523121e+00
2.402590943877759742e+02
6.706251175652248068e-07
8.938749641275256844e-08
1.090922335366212970e+01
4.105716377626182634e-03
6.909000000000000341e+01
2.000000000000000000e+00
2.900000000000000000e+01
2.502966495798920388e+00
1.871554509676579414e+02
1.729746162093213529e-06
2.374081811504370737e-07
1.110437493118710961e+01
5.197183398314644473e-03
7.220999999999999375e+01
2.000000000000000000e+00
2.900000000000000000e+01
1.429817815228514366e+00
1.466984103327075672e+02
3.275047423876170838e-07
3.773496327599078159e-08
8.838784086547295971e+00
6.705520834218815091e-03
4.592000000000000171e+01
2.000000000000000000e+00
3.000000000000000000e+01
2.326325797414962704e+00
1.980264170086503839e+02
1.203949737665073677e-06
1.878176889954605435e-07
1.125194013217532429e+01
4.909621737322853244e-03
4.600999999999999801e+01
1.000000000000000000e+00
3.000000000000000000e+01
3.042440708646078740e+00
1.830139693069515374e+02
4.575247597687546399e-06
7.240512380749404121e-07
9.183844215086590879e+00
5.381721852440974480e-03
5.885000000000000142e+01
1.000000000000000000e+00
3.000000000000000000e+01
1.753513406628306459e+00
1.878970984127616362e+02
3.997077703254494154e-07
3.907531331578328085e-08
9.084814273740166257e+00
5.200667013015908627e-03
6.406000000000000227e+01
2.000000000000000000e+00
3.000000000000000000e+01
2.299604766755375174e+00
2.247023290589828548e+02
8.420069394633963936e-07
9.646250589332518972e-08
1.090401399126646353e+01
4.504858112254907232e-03
5.985000000000000142e+01
1.000000000000000000e+00
3.000000000000000000e+01
1.560151286930884229e+00
1.874061776417181306e+02
2.467118588474591441e-07
2.631139043115345013e-08
8.911606519148600469e+00
5.276274844344432113e-03
5.147999999999999687e+01
2.000000000000000000e+00
3.000000000000000000e+01
2.143183003158275479e+00
2.344453830389704194e+02
4.639440782801272756e-07
4.304613260154204966e-08
1.430925054307271793e+01
4.149263882232508659e-03
5.852000000000000313e+01
1.000000000000000000e+00
3.000000000000000000e+01
1.907274022340201824e+00
1.856927472285437943e+02
5.331795054465277299e-07
6.335503931411897530e-08
1.010331811430840077e+01
5.316340348136014936e-03
7.237999999999999545e+01
2.000000000000000000e+00
2.900000000000000000e+01
1.922396288661803121e+00
1.783023107045222275e+02
6.135167394781551611e-07
5.591873904351474817e-08
1.496652859864817842e+01
5.377509587771726191e-03
7.664000000000000057e+01
1.000000000000000000e+00
2.700000000000000000e+01
4.298092592592594130e+00
8.806099930885878280e+01
9.747413504039028308e-05
3.082214440866463647e-05
9.485528395061708196e+00
1.083527221333161622e-02
8.012999999999999545e+01
1.000000000000000000e+00
2.600000000000000000e+01
1.562370326071013338e+00
1.470300179780057874e+02
4.975814659934153877e-07
5.594902893506388626e-08
1.121370527825829200e+01
6.574280502755000880e-03
7.193999999999999773e+01
1.000000000000000000e+00
2.500000000000000000e+01
1.588812090324026594e+00
1.879020154734439529e+02
2.606224805437358699e-07
1.974700999352902359e-08
9.805429516102703857e+00
5.335923023514992265e-03
8.142000000000000171e+01
1.000000000000000000e+00
2.700000000000000000e+01
2.172067007142798101e+00
1.633210665211108221e+02
1.314055739358216061e-06
1.909395978531250283e-07
1.128993499368325715e+01
5.937102501885011506e-03
6.839000000000000057e+01
2.000000000000000000e+00
2.700000000000000000e+01
2.185365882785444747e+00
1.145981599704521869e+02
3.527098489952344550e-06
4.728466169149582751e-07
1.001010545449801370e+01
8.348651844429174490e-03
7.890999999999999659e+01
2.000000000000000000e+00
2.900000000000000000e+01
2.137523054916796283e+00
1.315974757240124973e+02
2.116981835445527982e-06
3.043023504894345295e-07
1.251539488199101413e+01
7.238519815505186500e-03
7.581000000000000227e+01
1.000000000000000000e+00
2.900000000000000000e+01
2.192257099219221406e+00
2.160344015497092300e+02
7.952769422864504851e-07
7.426949103923476054e-08
9.897021660041339430e+00
4.523821786243917981e-03
6.870999999999999375e+01
2.000000000000000000e+00
2.500000000000000000e+01
1.559145892804946865e+00
1.837331727511527504e+02
2.531321467913099253e-07
1.919309058953289720e-08
1.120967291483411188e+01
5.286737228602669467e-03
7.004999999999999716e+01
1.000000000000000000e+00
2.700000000000000000e+01
1.568307382048477638e+00
1.876964740258891879e+02
2.346788735617085448e-07
2.237376832446323097e-08
1.040043167763691834e+01
5.192540257322644792e-03
7.267000000000000171e+01
1.000000000000000000e+00
2.200000000000000000e+01
1.887630771237964300e+00
1.983113538767174759e+02
5.281792683979722367e-07
6.959175662959045137e-08
1.311652311616134625e+01
5.082943296066472910e-03
8.867000000000000171e+01
2.000000000000000000e+00
2.000000000000000000e+01
2.021665695217685688e+00
1.881018430148768061e+02
6.761011241388725606e-07
6.160456006120352376e-08
1.507141041171296436e+01
5.104533308142521555e-03
9.109999999999999432e+01
1.000000000000000000e+00
2.400000000000000000e+01
1.473221081392309451e+00
1.568449154848683804e+02
3.224700594834093302e-07
2.681699325846227920e-08
9.498051798643171395e+00
6.228802036180994262e-03
6.584999999999999432e+01
2.000000000000000000e+00
1.700000000000000000e+01
2.106104252400548660e+00
1.954173634024019179e+02
8.407330258674011248e-07
8.456875263875661949e-08
1.212584362139916649e+01
4.971896872369920180e-03
7.907999999999999829e+01
2.000000000000000000e+00
3.000000000000000000e+01
2.023309667316777194e+00
2.067746202385912966e+02
6.147826120603909631e-07
6.552339110761599856e-08
1.071798628819538379e+01
4.714109034567029108e-03
7.356000000000000227e+01
2.000000000000000000e+00
2.600000000000000000e+01
9.826480437390576750e-01
1.189875982126817178e+02
1.253881811757192140e-07
1.165344673639877622e-08
7.428629287948600890e+00
8.173186361028143831e-03
7.964000000000000057e+01
1.000000000000000000e+00
2.400000000000000000e+01
1.481723647016145229e+00
1.657536981056436787e+02
2.635826504010160090e-07
1.845861386295296370e-08
9.936413646387379117e+00
5.865121002194354990e-03
6.712999999999999545e+01
2.000000000000000000e+00
2.700000000000000000e+01
1.490176400386908462e+00
1.595229748988118104e+02
2.973814820665638287e-07
2.392783501934565475e-08
9.113343643251981874e+00
6.089544398912948367e-03
7.846999999999999886e+01
2.000000000000000000e+00
2.500000000000000000e+01
2.555977465007902794e+00
1.655074287839991882e+02
2.457690331092678073e-06
2.967862034946230267e-07
1.338332514057157496e+01
5.797705576942095013e-03
7.909000000000000341e+01
2.000000000000000000e+00
2.200000000000000000e+01
2.069886976848352766e+00
1.975535511572664973e+02
5.945061551874195620e-07
6.491319222007185392e-08
1.399944762962340405e+01
4.984391154877516536e-03
7.590999999999999659e+01
2.000000000000000000e+00
2.100000000000000000e+01
1.882239069515004859e+00
2.101693026755561959e+02
3.292299135518787509e-07
3.697995388177474392e-08
1.066128736823277379e+01
4.682633290194349734e-03
7.962000000000000455e+01
2.000000000000000000e+00
1.800000000000000000e+01
1.478110397804643927e+00
1.551054483181280261e+02
2.963017844487555533e-07
2.526935320081139759e-08
1.031932801004080602e+01
6.245180373584120585e-03
7.301000000000000512e+01
1.000000000000000000e+00
2.200000000000000000e+01
1.415243479689957340e+00
1.540090861289890540e+02
2.899631317039795240e-07
3.217797041186970017e-08
8.544225077021819104e+00
6.368771017460361783e-03
7.712000000000000455e+01
1.000000000000000000e+00
2.600000000000000000e+01
1.658487965902219141e+00
1.661334610887129770e+02
4.174747244941546034e-07
4.697048652480216458e-08
7.683772535067573628e+00
5.909637418486690316e-03
7.179999999999999716e+01
1.000000000000000000e+00
2.500000000000000000e+01
1.252520566574376160e+00
1.455970666601659502e+02
2.143376172906471370e-07
1.748288933298410939e-08
1.152828683739600635e+01
6.707997826983667575e-03
6.432999999999999829e+01
2.000000000000000000e+00
2.100000000000000000e+01
1.556671696388808979e+00
1.725851264981631630e+02
3.397483791499922280e-07
2.820589796897918036e-08
1.067421448501618997e+01
5.615288952563098242e-03
7.448999999999999488e+01
1.000000000000000000e+00
2.200000000000000000e+01
1.791850916070031552e+00
1.544309567447898530e+02
7.250460740835367152e-07
7.833851230755690960e-08
8.885971791980583845e+00
6.379314238126423606e-03
6.604999999999999716e+01
2.000000000000000000e+00
2.100000000000000000e+01
1.697874817384953161e+00
1.669854759783793838e+02
5.137715623150808269e-07
6.096015751405428847e-08
8.009381848064286658e+00
5.900327553097289672e-03
7.375000000000000000e+01
2.000000000000000000e+00
1.800000000000000000e+01
1.676924804868339169e+00
1.377352080764275115e+02
9.922537325923579793e-07
1.054680599299882877e-07
8.343494981397789445e+00
7.179161729610663428e-03
8.240000000000000568e+01
2.000000000000000000e+00
1.200000000000000000e+01
1.577436385612616787e+00
1.808934587700150587e+02
3.048725084695540329e-07
2.831847674033716540e-08
1.132441895404468468e+01
5.440442567022650382e-03
6.264000000000000057e+01
1.000000000000000000e+00
1.900000000000000000e+01
1.530899382956191435e+00
2.035227252104403988e+02
2.157199145104292350e-07
1.991854006178049222e-08
9.566858946215136328e+00
4.800340190187215098e-03
7.178000000000000114e+01
2.000000000000000000e+00
3.000000000000000000e+01
2.088562403504665266e+00
1.842437489893038958e+02
8.868627918135695886e-07
9.969858801887361389e-08
1.135953798805764592e+01
5.462437491790792660e-03
7.185999999999999943e+01
1.000000000000000000e+00
2.700000000000000000e+01
2.449483308123183711e+00
1.864493824752870523e+02
1.606337151141186586e-06
2.392650648995731165e-07
1.127037449800593372e+01
5.244129291959500130e-03
7.915000000000000568e+01
1.000000000000000000e+00
2.800000000000000000e+01
1.725601950908522308e+00
1.720260265824447288e+02
4.492218189525657605e-07
4.547908559416396347e-08
1.419989292293398542e+01
5.680671204902587937e-03
7.620999999999999375e+01
1.000000000000000000e+00
2.500000000000000000e+01
2.082569895482555111e+00
1.429177897948621876e+02
1.857631771561659882e-06
2.039988686501330945e-07
9.179432496277160070e+00
6.946496328483908397e-03
6.789000000000000057e+01
2.000000000000000000e+00
2.800000000000000000e+01
1.876353643326060361e+00
1.911702054201897454e+02
5.165406092741000510e-07
4.591271711023086403e-08
1.064310935712394723e+01
5.193457863097917203e-03
5.656000000000000227e+01
1.000000000000000000e+00
3.000000000000000000e+01
1.540663681810842789e+00
1.721770065882872984e+02
3.200034312673641087e-07
3.490162864332758269e-08
9.168333462340035211e+00
5.674186777908077697e-03
7.734999999999999432e+01
2.000000000000000000e+00
2.700000000000000000e+01
1.866936782252724747e+00
1.467393223819009904e+02
8.622617915373361868e-07
8.422229672654957770e-08
1.172107122011900948e+01
6.597371522774144598e-03
6.926000000000000512e+01
2.000000000000000000e+00
2.400000000000000000e+01
1.703158412466519556e+00
1.716267870945374625e+02
4.911373679136487736e-07
4.517068824828279489e-08
8.873676901225557856e+00
5.743819920722427821e-03
6.335000000000000142e+01
1.000000000000000000e+00
2.100000000000000000e+01
1.585827166305564306e+00
1.686111783971712725e+02
4.238390530185001208e-07
4.567770810199430108e-08
1.134503429895143611e+01
5.731481978263688014e-03
7.395000000000000284e+01
1.000000000000000000e+00
2.800000000000000000e+01
1.825967833662064832e+00
1.909867795355420128e+02
4.819900496706014991e-07
4.658153318878565758e-08
8.525125016436557956e+00
5.139040407171939495e-03
